%YAML:1.0
---
K: !!opencv-matrix
   rows: 3
   cols: 3
   dt: d
   data: [ 2.1484589086606215e+03, 0., 8.8823443046428349e+02, 0.,
       2.1553101552978601e+03, 6.1716956646878486e+02, 0., 0., 1. ]
D: !!opencv-matrix
   rows: 1
   cols: 5
   dt: d
   data: [ -8.1642321343572366e-01, 1.5568737137734159e+00,
       -4.2440573440693579e-03, -2.2688996764112274e-03,
       -2.1523633613219233e+00 ]
