%YAML:1.0
---
K: !!opencv-matrix
   rows: 3
   cols: 3
   dt: d
   data: [ 7.3436258632091972e+02, 0., 4.8461915629102634e+02, 0.,
       7.4874016995398813e+02, 2.5164557526933370e+02, 0., 0., 1. ]
D: !!opencv-matrix
   rows: 1
   cols: 5
   dt: d
   data: [ 1.5028570162286539e-01, -5.0851754416190920e-01,
       -9.1391411655029862e-03, 1.9023566451277286e-03,
       5.9039166294202472e-01 ]
